text_hash	cluster_size	score_mean	score_median	score_min	score_max
17d9e336ca068e05f4e3094e44614853d211c2e48290c581b545dc4d87633e25	803	35.927064	35.927064	35.927064	35.927064
ca481b35ff0f62216acadefd6e9365b73e144381c4008ea98f2fd4f6aa8206e9	484	-38.338387	-38.338387	-38.338387	-38.338387
188c2ca737571b243cf4a8a3bc311301f114e83c852f73f7ed8de3bd35bd4d01	365	22.512821	22.512821	22.512821	22.512821
30815cc7075d282ce10cc91319e2f625df3326aee349631dbd54a2147204b85c	182	-13.251204	-13.251204	-13.251204	-13.251204
a48fdbfba9181fa903db495b76ced8d7aee0860be4e423b08f42b373803206d2	168	6.435462	6.435462	6.435462	6.435462
fe35183c072f09c8204048e53454d2c4746e3c82244f6bc9f1debc4b61c6a377	138	-2.231238	-2.231238	-2.231238	-2.231238
f50d2fd4b5b82425bd5e694376a79e27cca28fca49cac3a7bb8a84602d86b2b0	129	8.632289	8.632289	8.632289	8.632289
73a93f69aa8b714ad25d546230dc0ac4775de366475c971f35092a3cdfbaa06a	88	34.749145	34.749145	34.749145	34.749145
9aed11058836f12e0bd38da6a1708219402d5b16568a768838a4165ee3ae20c5	85	31.985166	31.985166	31.985166	31.985166
2de7142905efeadd480cbd5615e94f64ba9156ae9d3accadcd8a25d6ed94669e	81	31.214182	31.214182	31.214182	31.214182
46e20efcffb7995b07782997809556b18b109834664ff160ad85cecef27bb201	70	12.049001	12.049001	12.049001	12.049001
a42fb23b52aa0b62456f57e15e2b13cac756bb9e121cc110ae8a661fe2dd3593	65	6.202623	6.202623	6.202623	6.202623
fce4f0175346f3ce10066a0041df0a12ad400f8bade952148d1481341f1f9019	61	23.082370	23.082370	23.082370	23.082370
5e8334acd40f24924b6a4c0fe444646d76007922ecb4b4b7855b2e26082a06d2	51	15.932007	15.932007	15.932007	15.932007
56eed837a34bba239d3ed7c96c281339de45554706d2f826c7edb1730a2f69d4	32	14.266553	14.266553	14.266553	14.266553
4fdf13fd2948c9de019d1d7920311869abb5f4711e13a737b55573d5c308b2b6	31	28.005694	28.005694	28.005694	28.005694
c1cf2a8ca03fcac38fe2cb7462aa300499186875387c84244c44eb746643b41d	29	22.498186	22.498186	22.498186	22.498186
d4fecc969e512b8792b75f8a359a25201506d8ddb6f02e1f6d573fd1e4595970	29	16.148225	16.148225	16.148225	16.148225
87dd43ec8a6565eb535ab29f9372ed78c7fe90088459c97d5a05cf32bede151f	27	22.879681	22.879681	22.879681	22.879681
5f37d3d961c230debea24931e6a6d964f3dfe5c0a1fa8d3fd279bcafe9d02429	27	21.412242	21.412242	21.412242	21.412242
a653608e28a7c472e9e508f1ad39f91c971d5922cb7b87cab8a5235918dbdf16	25	62.613389	62.613389	62.613389	62.613389
cd364f3413f4f2b0cee66668b015ad4730edad11ba0bb2f54353aae5eb14ea83	25	10.760339	10.760339	10.760339	10.760339
91da0c81b47f4312e060f4db4755b087fcdee85724e5f69c0c991c4fca63467c	23	93.080755	93.080755	93.080755	93.080755
b8380cc27762ef0134f5cb9c555a3549dd8317ff74b423a2d6b427a22fb42832	23	26.108153	26.108153	26.108153	26.108153
d3fa070710ccf63f000a108418ead3df4949d04a9d381279fc5fa0d44cf5baae	21	32.141934	32.141934	32.141934	32.141934
911374f92372a900405faeabe87f08205adc02f936e8a410a7312c4d8507561f	21	23.846798	23.846798	23.846798	23.846798
17b60d4476625f2e41e368c5125329228ae4d220b0cf487b9b79264d43f8fdda	20	11.724561	11.724561	11.724561	11.724561
8a6a0c66218b662bb453b9bcbf4ea1d06baec7c2f697325ddf3b2c7b68c2c3f8	20	-2.710576	-2.710576	-2.710576	-2.710576
886fa67a5f91cecfb971615f369c00ae459ddf99f6d4148793b389b1dfdbd78e	19	10.760339	10.760339	10.760339	10.760339
837d3ffe74e5fa9b1a119aa70465405b04b017ea187c381fcb865eb1394ac2f3	18	36.725369	36.725369	36.725369	36.725369
3486a3bf8375416d48687e3de8cb0d958ec1d1b961af5eb91536cd425beb92a8	18	25.599414	25.599414	25.599414	25.599414
2905ac805310b9bac669c4edfe06fb082a3b934c1c22d9843161803696b533fa	18	16.226389	16.226389	16.226389	16.226389
7f8215380aa599e088fe9359d2d7e18fa80ac15c702c520a28b6fbd3bcab3fc6	17	54.105055	54.105055	54.105055	54.105055
9db75c7a7c1177afd5c1d2450d20bdd1e2797cd4b8cd20ce31e1c2805caafcca	17	22.625733	22.625733	22.625733	22.625733
0ec81d7467f4a109bdef3c426cc948bc1dedf71eea349e775cd442c7de26bae4	17	16.229727	16.229727	16.229727	16.229727
0c7b528c14ba04652c8278be2831f418ac4463e7b0923f95dd40379092cbe564	17	7.988425	7.988425	7.988425	7.988425
79816c0486a91e1d877a445afdae6056307963596015b30a7a170146cd13a04a	16	42.176448	42.176448	42.176448	42.176448
73059bde51b9c19a9f2b4e475bcbad11beaecaeed74a4ef75df257b4cc17f888	16	27.977351	27.977351	27.977351	27.977351
32529431335bdc1218803ee98d53f6c11e442719807546a7d161e0e1de9265f8	16	24.373184	24.373184	24.373184	24.373184
70055dd7c769afc58ed134f5f461f4d68cb6d4d63eddca3dc9fd723d3df794b0	16	24.104197	24.104197	24.104197	24.104197
f29f82e271816803c4a13b320074fc2e9653e0da6b3c7c4def67556648c9314a	16	3.195764	3.195764	3.195764	3.195764
df6899c0ed709cd38981a26c984548e0d30c91ebd7861e1d49934baf341ee41b	15	123.497804	123.497804	123.497804	123.497804
6c3d31ce8dbc4b9e7691f0ecdc9b536a581048f445230ef55fde50b06aec3f94	15	6.999595	6.999595	6.999595	6.999595
fad6f6791f028a4c0bdb5ae0068cf7aa5722f91d68ff5550ca847530fb688a71	14	65.442936	65.442936	65.442936	65.442936
05a9b2a135829699af6f7d472193682b162b809f75c2838424874c868369e778	13	10.002677	10.002677	10.002677	10.002677
798b269deac4230ab20d5ed893e712042d46d7e1407228a912a72c5cdc46df02	13	3.307653	3.307653	3.307653	3.307653
1e9c6897f03f56faafe798c83f8ef3e58c71d80fa74a6a260df4b4adad8fbda6	12	158.419275	158.419275	158.419275	158.419275
6a000c2ce206c03d956d953cb0bd4ac609b0b68fb8152392f6416d5b294cad43	12	39.526075	39.526075	39.526075	39.526075
cc3efa2f192bacbe459a120c16420c3a99a998487e2dfaddf47159d043ccd7e9	12	26.702766	26.702766	26.702766	26.702766
34e4307874525f9f7599fc88da2b3a24bddd4cfbcc44f5f6089eadc23aca03f7	12	12.025415	12.025415	12.025415	12.025415
328db1f0825644939f6439cd7816470a9434f8d920e97e3cbfe14b1c15f1a359	12	10.002677	10.002677	10.002677	10.002677
439cd7313d18153e653265eee4423a008a3ddacac694390f887c835c2f96c040	11	100.938707	100.938707	100.938707	100.938707
68a18f8c94d29cfe16c66cef05480276a1a15906a1287a685380d8474f074a55	11	42.083942	42.083942	42.083942	42.083942
0d359accd47f0485bef5a62e3dbb40cd53127563556d6d996a54864327bdb088	11	35.549845	35.549845	35.549845	35.549845
360ae92d469842371c947ec1f055982962182d3b41967723268c2e776ceeef44	11	32.737803	32.737803	32.737803	32.737803
2cc13573ed3940af37e88cc5139cf54771c5a5845b3b7985080fae1421a488b3	11	21.869217	21.869217	21.869217	21.869217
41e1c7c71f421e75f623454712fe1565606d986037dea8646df000f6fca9757e	11	18.351542	18.351542	18.351542	18.351542
b8afa03d5077029d23ecc1bf0f93948923a8f3c3c6f1c5ca9e049ae1068e6881	10	27.624702	27.624702	27.624702	27.624702
fa08416002bcaed62bea7e9c6bbd4f55b77f6477d20e0eaf5e6a966ef572ec1c	10	22.321135	22.321135	22.321135	22.321135
766c7ea285eef2a956f597957d96329dc7ceda76f0b4724f2d720f35b73583a8	10	20.313219	20.313219	20.313219	20.313219
d8ddd9c8b6dff32c480ac6b09d50b5fa6a63ffa531ca78fd629566c02c4a9cf0	10	14.867122	14.867122	14.867122	14.867122
7eb3041207de348e7fad09a0a97f7ef45cf4a51bc1b3c5844f51f9a01e14e277	10	9.069684	9.069684	9.069684	9.069684
b458c62385903472d29863c57edadeec34441e20b88894a26b61e987d966e595	10	5.574884	5.574884	5.574884	5.574884